232
1863
1439
865
585
1155
1988
1449
1870
1376
72
1962
1167
264
1127
1644
264
107
304
1293
790
883
1653
1763
1514
865
1543
978
773
1997
1517
1479
763
760
624
1435
857
473
96
586
1099
1745
962
1425
524
834
1042
512
337
1359
1622
1734
1024
1359
972
1820
1862
1591
1699
161
1529
1622
962
708
1906
1919
1240
1529
1867
1368
75
790
1939
470
447
1714
1863
760
1546
692
905
1219
1221
127
1185
183
528
650
1808
873
1977
470
1529
1517
561
1709
1469
1461
1190
1479
26
1554
1344
1331
487
1792
32
1640
1812
1730
19
929
273
624
1531
1552
794
1009
447
522
1110
3
1552
108
1812
1162
1309
1442
1266
1699
1110
228
1348
228
1500
347
1699
624
497
1988
1435
1457
1381
928
595
1307
1901
1379
1828
1936
1790
746
955
1941
1028
369
767
404
68
1291
1480
1416
599
536
789
104
85
494
902
1597
1327
1344
1961
1799
646
994
1655
1374
1919
627
281
1167
689
1357
1014
581
931
1528
392
1816
1913
412
1867
1634
881
1081
1714
108
428
873
1023
1580
1506
1157
347
1867
1676
335
45
1813
1043
1529
1941
1789
1714
1664
1197
1902
544
1165
1682
1430
1945
1353
1117
646
1652
1157
755
182
871
886
421
679
134
214
1042
1505
1939
744
1921
426
851
85
285
1050
1671
1477
76
342
1403
228
1554
220
1798
1228
103
1015
412
1664
1727
837
920
1810
1177
1121
1500
982
1928
1551
1637
483
87
914
822
1327
1620
501
1309
132
624
1050
1727
1569
1276
32
1773
1816
1780
1150
228
762
1303
473
1671
207
717
1808
1591
1515
1960
547
1928
899
1644
1799
1714
1447
1099
276
1152
773
1568
285
1977
528
1446
1539
564
179
1820
1214
974
503
871
1808
929
1141
447
72
347
837
1808
95
1909
161
415
977
1896
1977
494
1945
1622
1606
1015
727
27
1469
235
804
773
899
637
260
1891
183
1646
585
764
1769
1633
192
1928
699
107
765
474
1266
203
285
335
1009
521
108
1
762
1359
256
1896
1528
1518
1848
703
509
1195
831
1729
422
1523
1189
1798
627
764
883
231
719
87
1976
481
1399
1189
168
1552
301
415
524
1065
388
1886
1752
1215
1018
1868
1001
646
689
1186
1945
1547
1433
1442
1480
1914
65
1709
1388
1107
98
1906
65
1711
29
824
1023
1193
1921
1799
1152
1979
324
1003
1433
934
231
1369
699
858
1727
1562
1291
61
1004
1711
1265
1734
1959
784
119
1676
1343
1153
87
1502
762
578
503
914
1872
1042
161
1810
497
299
1787
1531
493
549
1808
1226
342
962
19
426
262
674
1780
203
561
1167
640
1258
664
1669
1728
1147
1789
1435
1435
1547
931
