161
1817
1370
1416
646
1729
879
546
1589
727
1711
1186
1891
689
1505
1361
299
226
708
1127
57
1987
347
17
512
1343
1479
1620
1073
1531
1177
1039
1524
640
773
97
1268
1288
107
284
1233
1937
136
857
123
1863
578
883
931
1477
300
1798
1536
127
804
1425
1185
1752
115
1356
1430
1572
926
610
1419
245
388
1848
1505
835
1353
274
1529
1110
980
1581
1795
318
228
1906
1914
1799
637
1391
558
1868
1097
85
415
730
215
1327
771
957
646
263
494
1669
834
481
1457
501
1623
815
1376
692
934
1639
1403
108
1291
1442
664
27
1667
962
1037
134
1121
611
239
1671
1461
345
1382
421
1307
510
1514
822
1000
706
192
107
1808
178
942
1631
1167
888
967
899
1959
1872
881
467
436
1714
920
1562
1714
886
1622
1699
1439
186
351
927
1313
337
447
117
1252
627
231
61
1706
664
19
228
278
586
267
1936
1887
627
1098
1961
1584
1219
1026
1226
1604
74
134
426
422
1061
1460
126
1634
1369
1624
52
1921
1816
1515
568
108
1908
1197
276
289
54
1586
1891
728
191
194
147
1286
908
1469
129
1369
1111
302
1127
929
404
1133
829
1901
1050
324
72
741
1564
1193
483
1964
664
474
1265
524
276
1609
1055
883
767
1760
1696
732
1919
1692
1095
1633
1359
167
675
1214
65
1131
1671
1886
1862
260
347
1463
501
599
1734
1331
68
1591
485
1332
1186
347
517
248
1712
1138
866
96
1750
235
192
568
1580
795
164
1428
1646
836
392
179
527
764
1109
470
1792
182
1152
1390
1867
1004
1919
1620
1265
1122
966
1178
1468
1389
252
1942
678
1140
959
1490
1018
1391
1425
823
1709
480
87
75
1307
1003
1147
994
1813
1150
526
1131
211
939
1972
1386
1001
872
1633
1011
851
370
1480
98
736
203
824
888
678
998
1405
1566
978
1529
1152
536
1780
571
175
231
451
967
1474
26
1644
104
1062
661
1293
457
1551
848
784
1699
1799
640
35
1897
624
1562
699
789
1211
1099
744
1042
156
1359
1052
207
942
1305
1977
1416
955
188
1461
3
1276
1465
583
246
928
1554
1264
1023
1099
1270
1313
62
74
1431
1863
1028
1742
347
210
1431
706
1374
1740
871
1863
1730
1043
1655
473
1
185
549
833
1282
719
1418
1666
983
1059
966
487
543
755
1433
183
1309
154
1726
840
1196
1001
1961
535
1041
931
1576
1529
1382
1852
248
1234
1858
1522
118
1352
1150
1637
415
448
578
1471
1554
886
1417
1812
775
1831
87
1155
529
796
505
19
168
1189
974
1480
1382
228
1928
214
1494
1622
516
270
1518
528
789
939
982
1085
1112
1606
335
1957
1712
544
855
1351
624
1655
1282
1764
1803
633
266
1009
1103
941
13
1272
762
873
634
64
678
1570
381
1401
1117
1266
1654
527
1379
973
1653
1045
1535
103
179
1552
1928
1858
675
924
1896
460
1165
1676
1904
1862
1838
1965
1016
1287
15
85
844
1534
1928
330
265
1968
929
1799
85
683
929
615
1828
1153
503
219
1959
1266
1974
442
641
1102
1344
447
1820
292
965
1449
968
285
428
1439
581
1980
1464
1765
1421
1947
1664
644
1281
1500
1807
32
1983
1221
745
839
264
474
662
1157
1870
703
994
1820
1070
559
741
1873
1127
717
633
1166
1820
267
1288
1568
444
1572
299
1734
1303
1317
493
1028
766
1758
45
978
694
660
1790
1233
256
1484
49
1629
834
137
1001
585
1228
1854
849
1833
626
121
446
1727
1854
1291
1397
1607
1432
1829
529
1722
1215
865
1502
818
722
1877
1576
943
191
595
56
1173
1166
674
667
1238
1044
875
492
1446
262
1795
1470
1226
412
1808
325
1744
760
43
1359
1014
659
3
1946
1157
1006
586
1023
679
1285
1423
871
1711
977
1388
1094
1497
1728
1123
189
1368
1977
1517
1763
1578
1528
1240
763
1860
527
1693
1407
951
1860
804
1568
828
643
1226
273
306
505
831
1388
1829
1472
670
942
1909
494
1594
521
1941
637
1197
1639
1081
1745
794
1712
1540
369
1155
1968
271
1505
1469
897
1399
1569
564
220
52
680
1800
5
1561
687
1752
972
1330
582
1775
1107
220
1109
765
1381
757
543
1397
773
1640
33
1979
1539
1727
1317
1659
180
431
706
746
1042
1930
497
123
709
411
1195
1081
1546
473
232
701
87
394
1699
402
942
1679
650
385
1813
1068
1708
2
1867
30
1162
29
1948
1024
1752
319
858
1953
301
1435
902
1293
985
1840
1976
1939
1268
342
1780
169
1710
1973
1616
585
1773
1500
984
426
1697
1652
644
61
445
668
1142
1769
790
1416
764
1678
1866
476
1480
1896
1666
76
1960
1258
793
1080
1447
75
914
1988
304
197
1939
1185
789
237
119
687
1623
547
415
1294
1823
663
827
1547
1336
1190
1141
1230
1348
1914
1357
1913
348
1317
891
1388
554
455
1858
259
1435
1408
281
1939
1219
1148
1173
837
1997
1275
796
628
522
285
601
509
1385
1732
1317
883
65
56
187
1902
1644
1454
408
1773
1928
699
996
1997
1506
561
608
1941
207
1945
1696
980
1613
316
1682
1810
1528
1787
1549
931
575
51
1456
1065
1314
1497
514
962
1154
970
1589
869
1523
1190
327
905
1524
1547
410
313
1513
1478
682
95
1086
98
132
1543
470
859
1896
89
1669
1569
1268
235
1789
899
1214
1028
409
1190
1962
1888
1015
610
1597
370
